,Unnamed: 0,indexvalue,Hour,Minute,distance_per_minute,enhanced_speed,power,wpkg,FTP_perct,cadence,grade,enhanced_altitude,hear_rate,max_heart_rate_perct
Unnamed: 0,1.0,1.0,0.9095733623386956,-0.44159636084058046,0.3960812647088681,0.39615795063104847,0.056832794732665115,0.05683279473266483,0.056806284642663844,-0.08728193546546074,0.29430884700957305,0.6226511635886779,0.4704108853957365,0.4703877607225716
indexvalue,1.0,1.0,0.9095733623386956,-0.44159636084058046,0.3960812647088681,0.39615795063104847,0.056832794732665115,0.05683279473266483,0.056806284642663844,-0.08728193546546074,0.29430884700957305,0.6226511635886779,0.4704108853957365,0.4703877607225716
Hour,0.9095733623386956,0.9095733623386956,1.0,-0.7738740467769195,0.4068126269408811,0.40688746520186664,0.0562914733756267,0.05629147337562618,0.056266702305577405,-0.12288302444889333,0.34516049860845055,0.4965271152395339,0.37412728001049406,0.3741181975539423
Minute,-0.44159636084058046,-0.44159636084058046,-0.7738740467769195,1.0,-0.27956858991818223,-0.2796226659269731,-0.05189768624922123,-0.05189768624922055,-0.05188407792799625,0.11753899680513516,-0.30587479191881295,-0.1454675572517982,-0.11818314618457816,-0.11820007507744593
distance_per_minute,0.3960812647088681,0.3960812647088681,0.4068126269408811,-0.27956858991818223,1.0,0.9999998023641945,0.04147297019515414,0.041472970195154245,0.04142651119282693,-0.11239753729036067,-0.09301770987035049,-0.04592228455065818,0.5641520752194313,0.5641243912015329
enhanced_speed,0.39615795063104847,0.39615795063104847,0.40688746520186664,-0.2796226659269731,0.9999998023641945,1.0,0.041522779629478763,0.041522779629478826,0.041476321616188326,-0.11244984379156657,-0.09305954732520112,-0.04580257808294926,0.5641982990542483,0.5641706384470763
power,0.056832794732665115,0.056832794732665115,0.0562914733756267,-0.05189768624922123,0.04147297019515414,0.041522779629478763,1.0,0.9999999999999998,0.9999999944816877,0.3881523227765348,0.23152194494631775,0.20654799257849568,0.17027383950163608,0.17028191240206375
wpkg,0.05683279473266483,0.05683279473266483,0.05629147337562618,-0.05189768624922055,0.041472970195154245,0.041522779629478826,0.9999999999999998,1.0,0.9999999944816883,0.38815232277653433,0.23152194494631623,0.2065479925784955,0.17027383950163638,0.170281912402064
FTP_perct,0.056806284642663844,0.056806284642663844,0.056266702305577405,-0.05188407792799625,0.04142651119282693,0.041476321616188326,0.9999999944816877,0.9999999944816883,1.0,0.38818951460798234,0.23151805340997964,0.2065501447333017,0.17024286573143763,0.1702509477237511
cadence,-0.08728193546546074,-0.08728193546546074,-0.12288302444889333,0.11753899680513516,-0.11239753729036067,-0.11244984379156657,0.3881523227765348,0.38815232277653433,0.38818951460798234,1.0,0.1633031332782753,0.13240464772055058,0.07456252435390505,0.07455491425351449
grade,0.29430884700957305,0.29430884700957305,0.34516049860845055,-0.30587479191881295,-0.09301770987035049,-0.09305954732520112,0.23152194494631775,0.23152194494631623,0.23151805340997964,0.1633031332782753,1.0,0.2564333621281885,0.40991165710437144,0.40993938189146834
enhanced_altitude,0.6226511635886779,0.6226511635886779,0.4965271152395339,-0.1454675572517982,-0.04592228455065818,-0.04580257808294926,0.20654799257849568,0.2065479925784955,0.2065501447333017,0.13240464772055058,0.2564333621281885,1.0,0.5117842796701715,0.5117981003782874
hear_rate,0.4704108853957365,0.4704108853957365,0.37412728001049406,-0.11818314618457816,0.5641520752194313,0.5641982990542483,0.17027383950163608,0.17027383950163638,0.17024286573143763,0.07456252435390505,0.40991165710437144,0.5117842796701715,1.0,0.9999999855883562
max_heart_rate_perct,0.4703877607225716,0.4703877607225716,0.3741181975539423,-0.11820007507744593,0.5641243912015329,0.5641706384470763,0.17028191240206375,0.170281912402064,0.1702509477237511,0.07455491425351449,0.40993938189146834,0.5117981003782874,0.9999999855883562,1.0
